At time 1700147268.413562222
- Translation: [0.000, 0.000, 0.000]
- Rotation: in Quaternion [0.000, 0.000, 0.485, 0.875]
- Rotation: in RPY (radian) [0.000, -0.000, 1.012]
- Rotation: in RPY (degree) [0.000, -0.000, 57.999]
- Matrix:
  0.530 -0.848  0.000  0.000
  0.848  0.530  0.000  0.000
  0.000  0.000  1.000  0.000
  0.000  0.000  0.000  1.000
At time 1700147269.422164584
- Translation: [0.000, 0.000, 0.000]
- Rotation: in Quaternion [0.000, 0.000, 0.485, 0.875]
- Rotation: in RPY (radian) [0.000, -0.000, 1.012]
- Rotation: in RPY (degree) [0.000, -0.000, 57.999]
- Matrix:
  0.530 -0.848  0.000  0.000
  0.848  0.530  0.000  0.000
  0.000  0.000  1.000  0.000
  0.000  0.000  0.000  1.000
At time 1700147270.413685720
- Translation: [0.000, 0.000, 0.000]
- Rotation: in Quaternion [0.000, 0.000, 0.485, 0.875]
- Rotation: in RPY (radian) [0.000, -0.000, 1.012]
- Rotation: in RPY (degree) [0.000, -0.000, 57.999]
- Matrix:
  0.530 -0.848  0.000  0.000
  0.848  0.530  0.000  0.000
  0.000  0.000  1.000  0.000
  0.000  0.000  0.000  1.000
At time 1700147271.421963185
- Translation: [0.000, 0.000, 0.000]
- Rotation: in Quaternion [0.000, 0.000, 0.485, 0.875]
- Rotation: in RPY (radian) [0.000, -0.000, 1.012]
- Rotation: in RPY (degree) [0.000, -0.000, 57.999]
- Matrix:
  0.530 -0.848  0.000  0.000
  0.848  0.530  0.000  0.000
  0.000  0.000  1.000  0.000
  0.000  0.000  0.000  1.000
At time 1700147272.413907564
- Translation: [0.000, 0.000, 0.000]
- Rotation: in Quaternion [0.000, 0.000, 0.618, 0.786]
- Rotation: in RPY (radian) [0.000, -0.000, 1.332]
- Rotation: in RPY (degree) [0.000, -0.000, 76.331]
- Matrix:
  0.236 -0.972  0.000  0.000
  0.972  0.236  0.000  0.000
  0.000  0.000  1.000  0.000
  0.000  0.000  0.000  1.000
At time 1700147273.421748596
- Translation: [-0.048, 0.042, 0.000]
- Rotation: in Quaternion [0.000, 0.000, 0.997, -0.071]
- Rotation: in RPY (radian) [0.000, -0.000, -2.999]
- Rotation: in RPY (degree) [0.000, -0.000, -171.825]
- Matrix:
 -0.990  0.142  0.000 -0.048
 -0.142 -0.990  0.000  0.042
  0.000  0.000  1.000  0.000
  0.000  0.000  0.000  1.000
At time 1700147274.413758142
- Translation: [1.019, -1.520, 0.000]
- Rotation: in Quaternion [0.000, 0.000, -0.425, 0.905]
- Rotation: in RPY (radian) [0.000, 0.000, -0.877]
- Rotation: in RPY (degree) [0.000, 0.000, -50.255]
- Matrix:
  0.639  0.769  0.000  1.019
 -0.769  0.639 -0.000 -1.520
 -0.000  0.000  1.000  0.000
  0.000  0.000  0.000  1.000
At time 1700147275.421701076
- Translation: [2.091, 0.815, 0.000]
- Rotation: in Quaternion [0.000, 0.000, 0.398, 0.917]
- Rotation: in RPY (radian) [0.000, -0.000, 0.818]
- Rotation: in RPY (degree) [0.000, -0.000, 46.881]
- Matrix:
  0.684 -0.730  0.000  2.091
  0.730  0.684  0.000  0.815
  0.000  0.000  1.000  0.000
  0.000  0.000  0.000  1.000
At time 1700147276.413802189
- Translation: [2.861, 1.205, 0.000]
- Rotation: in Quaternion [0.000, 0.000, 0.231, 0.973]
- Rotation: in RPY (radian) [0.000, -0.000, 0.467]
- Rotation: in RPY (degree) [0.000, -0.000, 26.769]
- Matrix:
  0.893 -0.450  0.000  2.861
  0.450  0.893  0.000  1.205
  0.000  0.000  1.000  0.000
  0.000  0.000  0.000  1.000
At time 1700147277.422007802
- Translation: [3.067, 0.465, 0.000]
- Rotation: in Quaternion [0.000, 0.000, 0.302, 0.953]
- Rotation: in RPY (radian) [0.000, -0.000, 0.613]
- Rotation: in RPY (degree) [0.000, -0.000, 35.117]
- Matrix:
  0.818 -0.575  0.000  3.067
  0.575  0.818  0.000  0.465
  0.000  0.000  1.000  0.000
  0.000  0.000  0.000  1.000
At time 1700147278.414149916
- Translation: [2.591, 1.204, 0.000]
- Rotation: in Quaternion [0.000, 0.000, 0.440, 0.898]
- Rotation: in RPY (radian) [0.000, -0.000, 0.910]
- Rotation: in RPY (degree) [0.000, -0.000, 52.154]
- Matrix:
  0.614 -0.790  0.000  2.591
  0.790  0.614  0.000  1.204
  0.000  0.000  1.000  0.000
  0.000  0.000  0.000  1.000
At time 1700147279.421554244
- Translation: [3.197, 1.399, 0.000]
- Rotation: in Quaternion [0.000, 0.000, 0.249, 0.969]
- Rotation: in RPY (radian) [0.000, -0.000, 0.503]
- Rotation: in RPY (degree) [0.000, -0.000, 28.805]
- Matrix:
  0.876 -0.482  0.000  3.197
  0.482  0.876  0.000  1.399
  0.000  0.000  1.000  0.000
  0.000  0.000  0.000  1.000
At time 1700147280.414145164
- Translation: [2.053, 0.651, 0.000]
- Rotation: in Quaternion [0.000, 0.000, 0.762, 0.648]
- Rotation: in RPY (radian) [0.000, -0.000, 1.733]
- Rotation: in RPY (degree) [0.000, -0.000, 99.284]
- Matrix:
 -0.161 -0.987  0.000  2.053
  0.987 -0.161  0.000  0.651
  0.000  0.000  1.000  0.000
  0.000  0.000  0.000  1.000
At time 1700147281.421243102
- Translation: [1.710, 1.807, 0.000]
- Rotation: in Quaternion [0.000, 0.000, 0.570, 0.822]
- Rotation: in RPY (radian) [0.000, -0.000, 1.212]
- Rotation: in RPY (degree) [0.000, -0.000, 69.442]
- Matrix:
  0.351 -0.936  0.000  1.710
  0.936  0.351  0.000  1.807
  0.000  0.000  1.000  0.000
  0.000  0.000  0.000  1.000
At time 1700147282.413899049
- Translation: [2.085, 1.084, 0.000]
- Rotation: in Quaternion [0.000, 0.000, 0.713, 0.701]
- Rotation: in RPY (radian) [0.000, -0.000, 1.587]
- Rotation: in RPY (degree) [0.000, -0.000, 90.914]
- Matrix:
 -0.016 -1.000  0.000  2.085
  1.000 -0.016  0.000  1.084
  0.000  0.000  1.000  0.000
  0.000  0.000  0.000  1.000
At time 1700147283.421227399
- Translation: [1.130, 1.628, 0.000]
- Rotation: in Quaternion [0.000, 0.000, 0.737, 0.676]
- Rotation: in RPY (radian) [0.000, -0.000, 1.658]
- Rotation: in RPY (degree) [0.000, -0.000, 94.998]
- Matrix:
 -0.087 -0.996  0.000  1.130
  0.996 -0.087  0.000  1.628
  0.000  0.000  1.000  0.000
  0.000  0.000  0.000  1.000
At time 1700147284.413217762
- Translation: [2.419, 2.118, 0.000]
- Rotation: in Quaternion [0.000, 0.000, 0.387, 0.922]
- Rotation: in RPY (radian) [0.000, -0.000, 0.795]
- Rotation: in RPY (degree) [0.000, -0.000, 45.569]
- Matrix:
  0.700 -0.714  0.000  2.419
  0.714  0.700  0.000  2.118
  0.000  0.000  1.000  0.000
  0.000  0.000  0.000  1.000
At time 1700147285.421498194
- Translation: [1.967, 0.693, 0.000]
- Rotation: in Quaternion [0.000, 0.000, 0.781, 0.624]
- Rotation: in RPY (radian) [0.000, -0.000, 1.793]
- Rotation: in RPY (degree) [0.000, -0.000, 102.741]
- Matrix:
 -0.221 -0.975  0.000  1.967
  0.975 -0.221  0.000  0.693
  0.000  0.000  1.000  0.000
  0.000  0.000  0.000  1.000
At time 1700147286.413505603
- Translation: [1.656, 1.771, 0.000]
- Rotation: in Quaternion [0.000, 0.000, 0.577, 0.817]
- Rotation: in RPY (radian) [0.000, -0.000, 1.230]
- Rotation: in RPY (degree) [0.000, -0.000, 70.494]
- Matrix:
  0.334 -0.943  0.000  1.656
  0.943  0.334  0.000  1.771
  0.000  0.000  1.000  0.000
  0.000  0.000  0.000  1.000
At time 1700147287.422265780
- Translation: [2.406, 1.251, 0.000]
- Rotation: in Quaternion [0.000, 0.000, 0.566, 0.825]
- Rotation: in RPY (radian) [0.000, -0.000, 1.203]
- Rotation: in RPY (degree) [0.000, -0.000, 68.907]
- Matrix:
  0.360 -0.933  0.000  2.406
  0.933  0.360  0.000  1.251
  0.000  0.000  1.000  0.000
  0.000  0.000  0.000  1.000
At time 1700147288.413850793
- Translation: [2.485, 1.527, 0.000]
- Rotation: in Quaternion [0.000, 0.000, 0.446, 0.895]
- Rotation: in RPY (radian) [0.000, -0.000, 0.924]
- Rotation: in RPY (degree) [0.000, -0.000, 52.964]
- Matrix:
  0.602 -0.798  0.000  2.485
  0.798  0.602  0.000  1.527
  0.000  0.000  1.000  0.000
  0.000  0.000  0.000  1.000
At time 1700147289.421498612
- Translation: [2.015, 0.724, 0.000]
- Rotation: in Quaternion [0.000, 0.000, 0.451, 0.893]
- Rotation: in RPY (radian) [0.000, -0.000, 0.935]
- Rotation: in RPY (degree) [0.000, -0.000, 53.560]
- Matrix:
  0.594 -0.804  0.000  2.015
  0.804  0.594  0.000  0.724
  0.000  0.000  1.000  0.000
  0.000  0.000  0.000  1.000
At time 1700147290.413521326
- Translation: [1.495, 1.430, 0.000]
- Rotation: in Quaternion [0.000, 0.000, 0.592, 0.806]
- Rotation: in RPY (radian) [0.000, -0.000, 1.267]
- Rotation: in RPY (degree) [0.000, -0.000, 72.622]
- Matrix:
  0.299 -0.954  0.000  1.495
  0.954  0.299  0.000  1.430
  0.000  0.000  1.000  0.000
  0.000  0.000  0.000  1.000
At time 1700147291.406547801
- Translation: [2.679, 1.756, 0.000]
- Rotation: in Quaternion [0.000, 0.000, 0.303, 0.953]
- Rotation: in RPY (radian) [0.000, -0.000, 0.615]
- Rotation: in RPY (degree) [0.000, -0.000, 35.250]
- Matrix:
  0.817 -0.577  0.000  2.679
  0.577  0.817  0.000  1.756
  0.000  0.000  1.000  0.000
  0.000  0.000  0.000  1.000
At time 1700147292.413404185
- Translation: [2.760, 0.549, 0.000]
- Rotation: in Quaternion [0.000, 0.000, 0.045, 0.999]
- Rotation: in RPY (radian) [0.000, -0.000, 0.089]
- Rotation: in RPY (degree) [0.000, -0.000, 5.127]
- Matrix:
  0.996 -0.089  0.000  2.760
  0.089  0.996  0.000  0.549
  0.000  0.000  1.000  0.000
  0.000  0.000  0.000  1.000
At time 1700147293.421157822
- Translation: [1.471, 0.114, 0.000]
- Rotation: in Quaternion [0.000, 0.000, -0.053, 0.999]
- Rotation: in RPY (radian) [0.000, 0.000, -0.106]
- Rotation: in RPY (degree) [0.000, 0.000, -6.090]
- Matrix:
  0.994  0.106  0.000  1.471
 -0.106  0.994 -0.000  0.114
 -0.000  0.000  1.000  0.000
  0.000  0.000  0.000  1.000
